           1           3  0.820925210875918        3.73267260225958     
           2           3   2.18684802960409        6.06799993534266     
           2           3   2.35340254029658        1.26899515670770     
           2           3   2.79557624747493        2.12096550220095     
           2           3  0.484913572768164        3.48721170774805     
           2           3   1.57681053516235       0.541288162550400     
           2           3   2.18119222446282        5.32832346249424     
           2           3   1.60836743363384        5.64330147511849     
           2           3  0.634672379509306        6.15480429788136     
           2           3   3.12326221983671        4.80282081799974     
           2           3  0.502271458582353        2.25772404646898     
           2           3   1.11906800905734       0.496243674335230     
           2           3  0.491397178882098        2.46917314893856     
           2           3   1.65016316700533        5.81008218805607     
           2           3   2.19899179450350        6.23487539855839     
           2           3   1.68950831363719        3.52074057297702     
           2           3   2.50953133708195        5.00221135591885     
           2           3   1.09579089922085       0.463158693561550     
           2           3   2.16737534941451       0.132397526957009     
           2           3   1.66619225506976        5.80563154653184     
           2           3  0.279063326964863        2.99528661439620     
           2           3   2.96677913940258        1.96773145749077     
           2           3   2.85096115562152       0.426341843877693     
           2           3  0.700670208263787        5.82956142211864     
           2           3   1.56036424626840        4.07110973513607     
           2           3  0.400363555286268        2.90949117379172     
           2           3   1.71095015178153        1.33002547742553     
           2           3  0.776790587485984        1.13129697430569     
           2           3  0.186567733260682        5.35218630132297     
           2           3   2.19751118096715        5.40184668228861     
           2           3   3.08945621940681       0.805519770640352     
